[gd_scene load_steps=8 format=2]

[ext_resource path="res://assets/kenney_prototypetextures/Light/texture_07.png" type="Texture" id=1]
[ext_resource path="res://interface/battle/arena.gd" type="Script" id=2]

[sub_resource type="Animation" id=8]
length = 0.001
tracks/0/type = "value"
tracks/0/path = NodePath("Camera:translation")
tracks/0/interp = 1
tracks/0/loop_wrap = true
tracks/0/imported = false
tracks/0/enabled = true
tracks/0/keys = {
"times": PoolRealArray( 0 ),
"transitions": PoolRealArray( 1 ),
"update": 0,
"values": [ Vector3( 0, 1, 0.5 ) ]
}

[sub_resource type="Animation" id=10]
resource_name = "exit"
length = 0.5
tracks/0/type = "value"
tracks/0/path = NodePath("Camera:translation")
tracks/0/interp = 1
tracks/0/loop_wrap = true
tracks/0/imported = false
tracks/0/enabled = true
tracks/0/keys = {
"times": PoolRealArray( 0, 0.5 ),
"transitions": PoolRealArray( 1, 1 ),
"update": 0,
"values": [ Vector3( 0, 1, 0.5 ), Vector3( 0, 1, 1.5 ) ]
}

[sub_resource type="Environment" id=5]
background_mode = 1
background_sky_orientation = Basis( -1, 0, 8.74228e-08, 0, 1, 0, -8.74228e-08, 0, -1 )
background_sky_rotation = Vector3( 0, 3.14159, 0 )
background_sky_rotation_degrees = Vector3( 0, 180, 0 )
fog_color = Color( 0, 0, 0, 0 )
fog_sun_color = Color( 1, 1, 1, 1 )
fog_depth_begin = 5.0
fog_depth_end = 25.0
ss_reflections_enabled = true

[sub_resource type="CylinderMesh" id=6]
height = 0.5

[sub_resource type="SpatialMaterial" id=7]
albedo_texture = ExtResource( 1 )
metallic = 0.5
roughness = 0.0
uv1_scale = Vector3( 15, 15, 15 )

[node name="arena" type="Spatial"]
script = ExtResource( 2 )

[node name="AnimationPlayer" type="AnimationPlayer" parent="."]
autoplay = "RESET"
anims/RESET = SubResource( 8 )
anims/exit = SubResource( 10 )

[node name="Camera" type="Camera" parent="."]
transform = Transform( 1, 0, 0, 0, 1, 0, 0, 0, 1, 0, 1, 0.5 )
environment = SubResource( 5 )
current = true
fov = 54.0
size = 0.1

[node name="Light" type="SpotLight" parent="Camera"]
transform = Transform( 1, 0, 0, 0, 0.866025, 0.5, 0, -0.5, 0.866026, 0, 4, 1.76015 )
shadow_enabled = true
spot_range = 20.0
spot_angle = 40.0

[node name="enemies" type="Spatial" parent="."]
transform = Transform( 1, 0, 0, 0, 1, 0, 0, 0, 1, 0, 0, -4.5 )

[node name="enemy1" type="Spatial" parent="enemies"]
transform = Transform( 0.866025, 0, 0.5, 0, 1, 0, -0.5, 0, 0.866025, -3, 0, 0 )

[node name="enemy2" type="Spatial" parent="enemies"]
transform = Transform( 0.965926, 0, 0.258819, 0, 1, 0, -0.258819, 0, 0.965926, -1.5, 0, 0 )

[node name="enemy3" type="Spatial" parent="enemies"]

[node name="enemy4" type="Spatial" parent="enemies"]
transform = Transform( 0.965926, 0, -0.258819, 0, 1, 0, 0.258819, 0, 0.965926, 1.5, 0, 0 )

[node name="enemy5" type="Spatial" parent="enemies"]
transform = Transform( 0.866025, 0, -0.5, 0, 1, 0, 0.5, 0, 0.866025, 3, 0, 0 )

[node name="ground" type="MeshInstance" parent="."]
transform = Transform( 21, 0, 0, 0, 1, 0, 0, 0, 21, 0, -0.25, 0 )
mesh = SubResource( 6 )
material/0 = SubResource( 7 )
