[gd_scene load_steps=2 format=2]

[ext_resource path="res://interface/battle/battleArena.gd" type="Script" id=1]

[node name="arena" type="Spatial"]
visible = false
script = ExtResource( 1 )

[node name="Tween" type="Tween" parent="."]

[node name="cover" type="ColorRect" parent="."]
modulate = Color( 1, 1, 1, 0 )
margin_right = 1280.0
margin_bottom = 720.0
color = Color( 0, 0, 0, 1 )
__meta__ = {
"_edit_use_anchors_": false
}

[node name="ViewportContainer" type="ViewportContainer" parent="."]
margin_right = 40.0
margin_bottom = 40.0
__meta__ = {
"_edit_use_anchors_": false
}

[node name="Viewport" type="Viewport" parent="ViewportContainer"]
size = Vector2( 1280, 720 )
transparent_bg = true
handle_input_locally = false
render_target_update_mode = 3

[node name="Camera" type="Camera" parent="ViewportContainer/Viewport"]
fov = 90.0

[node name="enemies" type="Node" parent="ViewportContainer/Viewport"]

[node name="enemy1" type="Spatial" parent="ViewportContainer/Viewport/enemies"]
transform = Transform( 1, 0, 0, 0, 1, 0, 0, 0, 1, 0, 0, -6 )

[node name="enemy2" type="Spatial" parent="ViewportContainer/Viewport/enemies"]
transform = Transform( 0.965926, 0, -0.258819, 0, 1, 0, 0.258819, 0, 0.965926, 3, 0, -6 )

[node name="enemy3" type="Spatial" parent="ViewportContainer/Viewport/enemies"]
transform = Transform( 0.965926, 0, 0.258819, 0, 1, 0, -0.258819, 0, 0.965926, -2.98698, 9.53674e-07, -6.03427 )

[node name="enemy4" type="Spatial" parent="ViewportContainer/Viewport/enemies"]
transform = Transform( 0.866025, 0, -0.5, 0, 1, 0, 0.5, 0, 0.866025, 6, 0, -5 )

[node name="enemy5" type="Spatial" parent="ViewportContainer/Viewport/enemies"]
transform = Transform( 0.866025, 0, 0.5, 0, 1, 0, -0.5, 0, 0.866025, -6, 0, -5 )
